  2145889791  -942896207  1205814053  1622102245
  -617847987  -923787689 -1278135217   813433805
  1309592382  1673869616  1892856927   923232643
   -53256702 -1292100390 -1601007625 -2075169281
  1722784586  1558428246  1563244628  -797145047
   134903582   972389824  -931671836  2053689500
    51955869  1364556926   -84571045  -724398334
   245047661 -1030863353  1585291708   561527242
   200005370    23193092  -697081890    -4905064
 -1734054154  1891014954 -1191388213   998057723
  -930327966   749438916  1750601807  1972033281
 -1650327836   425022985  1396227587  1407487369
 -1315804536 -2060006365 -1035342680   903902625
   636642365 -1097441404  -792644015  1557109127
 -1580784015   462628019 -1250993195   865788098
 -1354631965 -1713973537   -60458026   240074281
  -975710387  1661871154  -910086363   995477705
  1483189122 -1886318459 -1579162793 -2066044663
  -765072149  -537924481  1769821972   114335612
 -1587813993 -1742205504 -2025603086  -781688985
   436898675   133238986  1638093394 -1287103315
 -1878321697   811858518   525186490  2132921096
   347737379  -727024912  1247557291  2009488999
  1544969311  -706750878  -217023636 -1634115709
 -1073154681  -489263079 -2006346904  -978130082
   711662997 -1122116153 -1574249850  1274144571
 -1515132503 -1743103486  -174833318 -1348882506
    65377080  -782787705   276775613 -1854891022
 -1827482415 -1408097922  2086197206 -2040554581
   -21763313  -248297279  1162011879   667753942
   353082586   398581867  -658579355  2137606858
  -401727284  -240284700   617760398  1625595112
  1231944150   124028403  1972978307  1160289346
 -1863089680 -1097388109   936089162 -2078719601
  -404802270  -968774570  -420766342  1197487966
  1754864099   535806383   957121380 -1237401352
  -704952071   115060880 -1094530456  -104486818
  -507529020  1284436787
